TITLE	
DATA TYPE	
ORIGIN	JASCO
OWNER	
DATE	26/02/12
TIME	12:23:00
SPECTROMETER/DATA SYSTEM	JASCO Corp., V-730, Rev. 1.00
RESOLUTION	
DELTAX	-0.5
XUNITS	NANOMETERS
YUNITS	ABSORBANCE
FIRSTX	1000
LASTX	500
NPOINTS	1001
FIRSTY	-0.0983645
MAXY	-0.0445364
MINY	-0.0983645
XYDATA
1000	-0.0983645
999.5	-0.098332
999	-0.0982952
998.5	-0.0982587
998	-0.0982298
997.5	-0.0982017
997	-0.0981661
996.5	-0.098126
996	-0.098102
995.5	-0.0980716
995	-0.098035
994.5	-0.0980017
994	-0.0979689
993.5	-0.0979327
993	-0.0978963
992.5	-0.0978569
992	-0.0978206
991.5	-0.0977825
991	-0.0977556
990.5	-0.0977291
990	-0.0977019
989.5	-0.0976706
989	-0.0976398
988.5	-0.0976124
988	-0.0975824
987.5	-0.0975475
987	-0.097516
986.5	-0.0974862
986	-0.097456
985.5	-0.0974207
985	-0.0973876
984.5	-0.097359
984	-0.0973289
983.5	-0.0972968
983	-0.0972626
982.5	-0.0972357
982	-0.0972053
981.5	-0.0971777
981	-0.0971462
980.5	-0.0971114
980	-0.0970749
979.5	-0.0970532
979	-0.0970237
978.5	-0.0969959
978	-0.0969517
977.5	-0.0969209
977	-0.0968968
976.5	-0.0968784
976	-0.0968507
975.5	-0.0968211
975	-0.0967876
974.5	-0.0967603
974	-0.0967279
973.5	-0.0966997
973	-0.0966676
972.5	-0.0966397
972	-0.0966064
971.5	-0.0965804
971	-0.0965537
970.5	-0.0965296
970	-0.0964968
969.5	-0.0964663
969	-0.0964248
968.5	-0.0963899
968	-0.0963629
967.5	-0.0963399
967	-0.0963168
966.5	-0.0962896
966	-0.0962585
965.5	-0.0962271
965	-0.0961908
964.5	-0.0961619
964	-0.0961239
963.5	-0.0960853
963	-0.0960564
962.5	-0.0960241
962	-0.096004
961.5	-0.0959804
961	-0.0959524
960.5	-0.0959226
960	-0.0958875
959.5	-0.095858
959	-0.095828
958.5	-0.0957983
958	-0.0957656
957.5	-0.0957346
957	-0.0957044
956.5	-0.095678
956	-0.0956352
955.5	-0.0955998
955	-0.0955684
954.5	-0.0955366
954	-0.095507
953.5	-0.0954679
953	-0.095434
952.5	-0.0954001
952	-0.0953739
951.5	-0.0953473
951	-0.0953206
950.5	-0.0953004
950	-0.0952685
949.5	-0.0952412
949	-0.0951953
948.5	-0.0951634
948	-0.0951261
947.5	-0.0950982
947	-0.0950625
946.5	-0.0950361
946	-0.0950059
945.5	-0.0949752
945	-0.0949377
944.5	-0.0949046
944	-0.0948756
943.5	-0.0948462
943	-0.0948293
942.5	-0.0948012
942	-0.0947701
941.5	-0.094746
941	-0.0947166
940.5	-0.0946947
940	-0.0946655
939.5	-0.0946443
939	-0.0946101
938.5	-0.0945834
938	-0.0945659
937.5	-0.094547
937	-0.0945286
936.5	-0.0944986
936	-0.0944785
935.5	-0.0944511
935	-0.0944316
934.5	-0.0944054
934	-0.0943919
933.5	-0.094372
933	-0.0943558
932.5	-0.0943204
932	-0.0942871
931.5	-0.0942582
931	-0.0942426
930.5	-0.0942135
930	-0.0941845
929.5	-0.0941501
929	-0.0941156
928.5	-0.0940943
928	-0.0940561
927.5	-0.0940295
927	-0.0940003
926.5	-0.0939753
926	-0.0939442
925.5	-0.0939071
925	-0.0938872
924.5	-0.0938592
924	-0.0938309
923.5	-0.0937936
923	-0.0937595
922.5	-0.0937284
922	-0.0936942
921.5	-0.0936577
921	-0.0936183
920.5	-0.0935928
920	-0.093557
919.5	-0.0935304
919	-0.0935026
918.5	-0.0934685
918	-0.0934354
917.5	-0.093406
917	-0.093371
916.5	-0.0933352
916	-0.0932965
915.5	-0.0932574
915	-0.093231
914.5	-0.093204
914	-0.093176
913.5	-0.0931396
913	-0.0930967
912.5	-0.0930635
912	-0.0930318
911.5	-0.0929984
911	-0.0929596
910.5	-0.0929245
910	-0.0928858
909.5	-0.092849
909	-0.0928021
908.5	-0.092774
908	-0.0927333
907.5	-0.0927005
907	-0.0926621
906.5	-0.0926258
906	-0.0925895
905.5	-0.0925537
905	-0.0925193
904.5	-0.09249
904	-0.092452
903.5	-0.0924078
903	-0.0923623
902.5	-0.092322
902	-0.0922898
901.5	-0.0922484
901	-0.0922049
900.5	-0.092169
900	-0.092134
899.5	-0.0921092
899	-0.092065
898.5	-0.0920248
898	-0.0919822
897.5	-0.0919455
897	-0.091913
896.5	-0.0918807
896	-0.0918357
895.5	-0.0918004
895	-0.0917588
894.5	-0.0917271
894	-0.0916865
893.5	-0.0916348
893	-0.0915874
892.5	-0.0915414
892	-0.0914924
891.5	-0.0914496
891	-0.0914124
890.5	-0.0913813
890	-0.0913458
889.5	-0.0913038
889	-0.0912631
888.5	-0.0912156
888	-0.0911763
887.5	-0.0911362
887	-0.0910981
886.5	-0.0910439
886	-0.0909936
885.5	-0.0909454
885	-0.0909092
884.5	-0.0908696
884	-0.0908172
883.5	-0.0907747
883	-0.0907301
882.5	-0.090701
882	-0.0906484
881.5	-0.0906036
881	-0.0905457
880.5	-0.0905091
880	-0.0904745
879.5	-0.0904312
879	-0.0903912
878.5	-0.0903472
878	-0.0903087
877.5	-0.0902643
877	-0.090224
876.5	-0.0901737
876	-0.0901328
875.5	-0.0900883
875	-0.0900548
874.5	-0.090017
874	-0.0899655
873.5	-0.0899107
873	-0.089855
872.5	-0.0898084
872	-0.0897677
871.5	-0.0897211
871	-0.0896806
870.5	-0.0896255
870	-0.08958
869.5	-0.0895355
869	-0.0894952
868.5	-0.0894564
868	-0.0894115
867.5	-0.0893681
867	-0.0893221
866.5	-0.0892745
866	-0.0892364
865.5	-0.0891954
865	-0.0891657
864.5	-0.0891135
864	-0.0890575
863.5	-0.0890138
863	-0.0889772
862.5	-0.088929
862	-0.0888738
861.5	-0.088821
861	-0.0887794
860.5	-0.0887437
860	-0.0886995
859.5	-0.0886629
859	-0.0886116
858.5	-0.0885784
858	-0.0885222
857.5	-0.0884844
857	-0.0884448
856.5	-0.0884105
856	-0.0883834
855.5	-0.0883343
855	-0.0882904
854.5	-0.0882352
854	-0.0881924
853.5	-0.088142
853	-0.088103
852.5	-0.0880512
852	-0.0879985
851.5	-0.0879559
851	-0.0879252
850.5	-0.0878971
850	-0.0878549
849.5	-0.0878157
849	-0.087775
848.5	-0.0877357
848	-0.087694
847.5	-0.0876544
847	-0.0876019
846.5	-0.0875509
846	-0.0874936
845.5	-0.0874686
845	-0.0874353
844.5	-0.0874037
844	-0.0873544
843.5	-0.0873243
843	-0.0872838
842.5	-0.0872531
842	-0.0872076
841.5	-0.0871732
841	-0.0871241
840.5	-0.0870793
840	-0.0870413
839.5	-0.0870056
839	-0.0869713
838.5	-0.0869278
838	-0.0868919
837.5	-0.0868557
837	-0.086826
836.5	-0.0867886
836	-0.0867472
835.5	-0.086713
835	-0.0866862
834.5	-0.0866459
834	-0.0866235
833.5	-0.0865795
833	-0.0865383
832.5	-0.0865
832	-0.0864716
831.5	-0.0864477
831	-0.0864042
830.5	-0.086368
830	-0.0863217
829.5	-0.0863097
829	-0.0862764
828.5	-0.0862498
828	-0.0862133
827.5	-0.0861813
827	-0.0861514
826.5	-0.0861152
826	-0.0860823
825.5	-0.0860472
825	-0.0860164
824.5	-0.0859913
824	-0.0859566
823.5	-0.0859203
823	-0.0858871
822.5	-0.0858563
822	-0.0858284
821.5	-0.0858036
821	-0.0857739
820.5	-0.0857438
820	-0.0857019
819.5	-0.0856675
819	-0.0856413
818.5	-0.0856284
818	-0.0856037
817.5	-0.0855742
817	-0.0855478
816.5	-0.0855065
816	-0.0854842
815.5	-0.0854467
815	-0.0854292
814.5	-0.0853972
814	-0.0853719
813.5	-0.0853412
813	-0.0853261
812.5	-0.0853126
812	-0.0852893
811.5	-0.08525
811	-0.0852185
810.5	-0.0851828
810	-0.0851674
809.5	-0.0851427
809	-0.0851197
808.5	-0.085096
808	-0.0850692
807.5	-0.0850466
807	-0.0850283
806.5	-0.085004
806	-0.0849711
805.5	-0.0849389
805	-0.0849146
804.5	-0.0848969
804	-0.0848745
803.5	-0.0848476
803	-0.0848245
802.5	-0.084803
802	-0.0847825
801.5	-0.0847594
801	-0.0847296
800.5	-0.0847146
800	-0.0846849
799.5	-0.084651
799	-0.0846207
798.5	-0.0845936
798	-0.0845692
797.5	-0.0845398
797	-0.0845184
796.5	-0.0844871
796	-0.0844593
795.5	-0.0844335
795	-0.0843991
794.5	-0.0843806
794	-0.0843639
793.5	-0.0843504
793	-0.0843272
792.5	-0.0842933
792	-0.0842629
791.5	-0.0842388
791	-0.084213
790.5	-0.0841865
790	-0.0841582
789.5	-0.0841372
789	-0.0841073
788.5	-0.0840849
788	-0.08406
787.5	-0.0840395
787	-0.0840141
786.5	-0.0839976
786	-0.0839672
785.5	-0.0839422
785	-0.0839142
784.5	-0.0838928
784	-0.0838652
783.5	-0.0838485
783	-0.0838231
782.5	-0.0838042
782	-0.083773
781.5	-0.0837478
781	-0.0837185
780.5	-0.0836802
780	-0.0836529
779.5	-0.0836145
779	-0.083594
778.5	-0.0835667
778	-0.0835523
777.5	-0.0835164
777	-0.0834871
776.5	-0.0834576
776	-0.0834295
775.5	-0.0834088
775	-0.0833755
774.5	-0.0833459
774	-0.0833335
773.5	-0.0833196
773	-0.0832967
772.5	-0.0832681
772	-0.0832377
771.5	-0.0832105
771	-0.0831754
770.5	-0.0831445
770	-0.0831188
769.5	-0.0830796
769	-0.0830566
768.5	-0.0830337
768	-0.0830056
767.5	-0.0829754
767	-0.0829469
766.5	-0.0829154
766	-0.0828955
765.5	-0.0828627
765	-0.0828299
764.5	-0.0827917
764	-0.0827692
763.5	-0.0827456
763	-0.0827199
762.5	-0.0826878
762	-0.0826473
761.5	-0.0826212
761	-0.082586
760.5	-0.0825517
760	-0.0825211
759.5	-0.082489
759	-0.0824634
758.5	-0.0824309
758	-0.082398
757.5	-0.0823648
757	-0.0823219
756.5	-0.0822826
756	-0.0822437
755.5	-0.0822085
755	-0.0821681
754.5	-0.0821243
754	-0.0820803
753.5	-0.0820534
753	-0.0820098
752.5	-0.0819735
752	-0.0819246
751.5	-0.0818643
751	-0.0818161
750.5	-0.0817646
750	-0.081721
749.5	-0.0816708
749	-0.081601
748.5	-0.0815387
748	-0.0814637
747.5	-0.0814009
747	-0.0813309
746.5	-0.0812567
746	-0.0811904
745.5	-0.0811033
745	-0.0810158
744.5	-0.0809172
744	-0.0808195
743.5	-0.0807166
743	-0.0805972
742.5	-0.0804741
742	-0.0803249
741.5	-0.0801731
741	-0.0799946
740.5	-0.0797969
740	-0.0795743
739.5	-0.0793374
739	-0.079075
738.5	-0.0787726
738	-0.0784351
737.5	-0.0780488
737	-0.0776065
736.5	-0.0771093
736	-0.0765422
735.5	-0.0758684
735	-0.0750981
734.5	-0.074192
734	-0.0731244
733.5	-0.0718775
733	-0.0704183
732.5	-0.068709
732	-0.0667036
731.5	-0.0643608
731	-0.0616673
730.5	-0.0586425
730	-0.0553197
729.5	-0.0519286
729	-0.0487326
728.5	-0.0461904
728	-0.0446988
727.5	-0.0445364
727	-0.045671
726.5	-0.0478751
726	-0.0507839
725.5	-0.0540197
725	-0.057253
724.5	-0.0603146
724	-0.0631126
723.5	-0.0656521
723	-0.0678696
722.5	-0.0696187
722	-0.0707365
721.5	-0.0712359
721	-0.0713612
720.5	-0.0713518
720	-0.0713805
719.5	-0.071429
719	-0.0715
718.5	-0.0715608
718	-0.071629
717.5	-0.0716915
717	-0.0717548
716.5	-0.0718171
716	-0.0718855
715.5	-0.0719257
715	-0.0719758
714.5	-0.0720201
714	-0.072073
713.5	-0.0721167
713	-0.0721569
712.5	-0.0721846
712	-0.0722226
711.5	-0.0722503
711	-0.0722772
710.5	-0.0722852
710	-0.0723133
709.5	-0.0723392
709	-0.0723697
708.5	-0.0723895
708	-0.072404
707.5	-0.0724168
707	-0.0724194
706.5	-0.0724216
706	-0.0724237
705.5	-0.0724295
705	-0.0724391
704.5	-0.0724506
704	-0.0724576
703.5	-0.0724569
703	-0.0724591
702.5	-0.0724578
702	-0.072453
701.5	-0.0724517
701	-0.0724508
700.5	-0.0724491
700	-0.0724545
699.5	-0.0724455
699	-0.072433
698.5	-0.0724227
698	-0.0724108
697.5	-0.0723974
697	-0.0723836
696.5	-0.0723708
696	-0.0723662
695.5	-0.0723537
695	-0.0723509
694.5	-0.0723328
694	-0.0723186
693.5	-0.0723082
693	-0.0722861
692.5	-0.0722744
692	-0.0722626
691.5	-0.0722426
691	-0.0722309
690.5	-0.0722099
690	-0.0721991
689.5	-0.0721785
689	-0.0721664
688.5	-0.0721486
688	-0.0721299
687.5	-0.0721108
687	-0.0720822
686.5	-0.0720671
686	-0.0720307
685.5	-0.072014
685	-0.0719959
684.5	-0.0719849
684	-0.0719516
683.5	-0.0719305
683	-0.0718892
682.5	-0.0718782
682	-0.0718532
681.5	-0.0718343
681	-0.0718022
680.5	-0.0717862
680	-0.0717643
679.5	-0.0717383
679	-0.0717087
678.5	-0.0716902
678	-0.0716506
677.5	-0.0716249
677	-0.0715934
676.5	-0.0715791
676	-0.0715652
675.5	-0.0715394
675	-0.0715034
674.5	-0.071473
674	-0.0714387
673.5	-0.071408
673	-0.0713891
672.5	-0.0713601
672	-0.0713236
671.5	-0.0712855
671	-0.0712562
670.5	-0.0712331
670	-0.0712052
669.5	-0.0711735
669	-0.0711411
668.5	-0.0711072
668	-0.0710811
667.5	-0.071058
667	-0.0710264
666.5	-0.0709954
666	-0.070947
665.5	-0.0709254
665	-0.0709048
664.5	-0.0708808
664	-0.0708469
663.5	-0.0708128
663	-0.0707822
662.5	-0.0707464
662	-0.0707151
661.5	-0.0706768
661	-0.0706481
660.5	-0.0706247
660	-0.0705897
659.5	-0.0705414
659	-0.0704992
658.5	-0.0704725
658	-0.070443
657.5	-0.0704137
657	-0.070372
656.5	-0.0703356
656	-0.0703036
655.5	-0.0702745
655	-0.0702343
654.5	-0.0702066
654	-0.0701594
653.5	-0.0701206
653	-0.070093
652.5	-0.0700694
652	-0.0700284
651.5	-0.0699841
651	-0.069949
650.5	-0.0699126
650	-0.0698824
649.5	-0.0698459
649	-0.0698158
648.5	-0.069783
648	-0.069735
647.5	-0.0697016
647	-0.0696603
646.5	-0.0696322
646	-0.0695995
645.5	-0.0695586
645	-0.0695199
644.5	-0.0694746
644	-0.0694342
643.5	-0.0693942
643	-0.0693582
642.5	-0.0693257
642	-0.0692967
641.5	-0.0692669
641	-0.0692331
640.5	-0.0691893
640	-0.0691522
639.5	-0.0691073
639	-0.0690614
638.5	-0.0690265
638	-0.0689876
637.5	-0.0689519
637	-0.0689112
636.5	-0.068864
636	-0.0688283
635.5	-0.0687942
635	-0.0687455
634.5	-0.068701
634	-0.0686611
633.5	-0.068629
633	-0.0685907
632.5	-0.0685548
632	-0.068515
631.5	-0.0684808
631	-0.0684379
630.5	-0.0683907
630	-0.0683502
629.5	-0.0682999
629	-0.06827
628.5	-0.068245
628	-0.0682056
627.5	-0.0681648
627	-0.0681079
626.5	-0.0680705
626	-0.0680289
625.5	-0.0679886
625	-0.0679457
624.5	-0.0678978
624	-0.0678517
623.5	-0.0678161
623	-0.0677713
622.5	-0.0677369
622	-0.0676997
621.5	-0.0676604
621	-0.0676147
620.5	-0.0675789
620	-0.0675426
619.5	-0.067511
619	-0.0674595
618.5	-0.0674143
618	-0.0673637
617.5	-0.0673237
617	-0.0672822
616.5	-0.0672483
616	-0.0672021
615.5	-0.0671593
615	-0.0671157
614.5	-0.0670781
614	-0.0670245
613.5	-0.0669765
613	-0.0669409
612.5	-0.0669158
612	-0.0668704
611.5	-0.0668132
611	-0.0667579
610.5	-0.0667136
610	-0.0666776
609.5	-0.0666318
609	-0.0665929
608.5	-0.0665488
608	-0.0665175
607.5	-0.0664774
607	-0.0664483
606.5	-0.0664025
606	-0.0663532
605.5	-0.0662983
605	-0.0662399
604.5	-0.0662011
604	-0.0661637
603.5	-0.0661369
603	-0.0660922
602.5	-0.0660467
602	-0.0659914
601.5	-0.0659386
601	-0.0658978
600.5	-0.0658459
600	-0.0658078
599.5	-0.0657499
599	-0.0657073
598.5	-0.0656672
598	-0.0656159
597.5	-0.0655633
597	-0.0655086
596.5	-0.0654756
596	-0.0654435
595.5	-0.0654149
595	-0.0653619
594.5	-0.0653119
594	-0.0652717
593.5	-0.0652282
593	-0.0651725
592.5	-0.0651082
592	-0.0650643
591.5	-0.0650171
591	-0.0649693
590.5	-0.0649206
590	-0.0648693
589.5	-0.0648175
589	-0.0647858
588.5	-0.0647371
588	-0.0646989
587.5	-0.0646361
587	-0.0645934
586.5	-0.0645461
586	-0.0645068
585.5	-0.064457
585	-0.0644148
584.5	-0.0643662
584	-0.064308
583.5	-0.064268
583	-0.064221
582.5	-0.0641876
582	-0.0641339
581.5	-0.0640845
581	-0.0640391
580.5	-0.0639815
580	-0.0639231
579.5	-0.0638687
579	-0.0638242
578.5	-0.0637933
578	-0.0637383
577.5	-0.0636868
577	-0.0636246
576.5	-0.0635738
576	-0.0635344
575.5	-0.0634741
575	-0.0634394
574.5	-0.0633808
574	-0.06333
573.5	-0.0632714
573	-0.0632252
572.5	-0.0631815
572	-0.0631348
571.5	-0.0630864
571	-0.0630388
570.5	-0.0629889
570	-0.0629386
569.5	-0.0628906
569	-0.0628494
568.5	-0.0627868
568	-0.0627415
567.5	-0.0626899
567	-0.0626327
566.5	-0.0625849
566	-0.0625425
565.5	-0.0625013
565	-0.0624584
564.5	-0.0624031
564	-0.0623501
563.5	-0.0622928
563	-0.0622329
562.5	-0.0621705
562	-0.0621112
561.5	-0.0620536
561	-0.0620062
560.5	-0.061957
560	-0.0619064
559.5	-0.0618662
559	-0.0618235
558.5	-0.0617795
558	-0.0617318
557.5	-0.0616632
557	-0.0616141
556.5	-0.0615534
556	-0.0615049
555.5	-0.0614436
555	-0.0613977
554.5	-0.0613462
554	-0.0612921
553.5	-0.0612266
553	-0.0611669
552.5	-0.0611162
552	-0.0610655
551.5	-0.0610245
551	-0.0609621
550.5	-0.0608919
550	-0.0608295
549.5	-0.0607831
549	-0.0607435
548.5	-0.0606945
548	-0.060643
547.5	-0.0605834
547	-0.0605302
546.5	-0.060481
546	-0.0604288
545.5	-0.060397
545	-0.0603352
544.5	-0.0602819
544	-0.060223
543.5	-0.0601614
543	-0.0600952
542.5	-0.0600361
542	-0.0599716
541.5	-0.059912
541	-0.0598603
540.5	-0.0598093
540	-0.0597527
539.5	-0.0596964
539	-0.0596405
538.5	-0.059586
538	-0.0595376
537.5	-0.0594808
537	-0.0594417
536.5	-0.0593897
536	-0.0593246
535.5	-0.0592571
535	-0.0592092
534.5	-0.0591522
534	-0.0591083
533.5	-0.059036
533	-0.0589727
532.5	-0.0589059
532	-0.058854
531.5	-0.058798
531	-0.0587466
530.5	-0.0586965
530	-0.0586457
529.5	-0.0585839
529	-0.0585199
528.5	-0.058452
528	-0.0584025
527.5	-0.0583574
527	-0.0582985
526.5	-0.0582382
526	-0.0581589
525.5	-0.0581088
525	-0.0580546
524.5	-0.0580048
524	-0.0579424
523.5	-0.0578796
523	-0.0578349
522.5	-0.0577675
522	-0.0577168
521.5	-0.0576457
521	-0.0575826
520.5	-0.0575137
520	-0.0574492
519.5	-0.0573904
519	-0.0573284
518.5	-0.0572803
518	-0.0572185
517.5	-0.0571503
517	-0.0570885
516.5	-0.0570153
516	-0.0569573
515.5	-0.056912
515	-0.0568551
514.5	-0.0568071
514	-0.0567403
513.5	-0.0566614
513	-0.0565826
512.5	-0.0565086
512	-0.0564469
511.5	-0.0563928
511	-0.0563345
510.5	-0.0562792
510	-0.0562273
509.5	-0.0561606
509	-0.0560804
508.5	-0.0560058
508	-0.055931
507.5	-0.0558586
507	-0.0558087
506.5	-0.0557519
506	-0.0556956
505.5	-0.0556484
505	-0.0555854
504.5	-0.055522
504	-0.0554506
503.5	-0.0553772
503	-0.0553187
502.5	-0.0552597
502	-0.0551792
501.5	-0.0551007
501	-0.0550182
500.5	-0.0549521
500	-0.0549044



[コメント情報]
試料名	pb-cavity260120
オペレーター	garrek
所属	
コメント	test

[データ情報]
作成日時	2026/02/12 12:23
スタート	1000 nm
エンド	500 nm
データ間隔	0.5 nm
データ数	1001    

[測定情報]
機種名	V-730
シリアル番号	H470561798
測光モード	Abs
UV/Vis バンド幅	1.0 nm
レスポンス	Fast
走査速度	400 nm/min
光源	自動
光源切換	340 nm

[付属品情報]
付属品名	USE-753
シリアル番号	H470561798
