taxis_251202
-20000.0
-19599.723
-19199.446
-18799.169
-18398.892
-17998.616
-17598.339
-17198.062
-16797.785
-16397.508
-15997.231
-15596.954
-15196.677
-14796.4
-14396.123
-13995.846
-13595.57
-13195.293
-12795.016
-12394.739
-11994.462
-11594.185
-11193.908
-10793.631
-10393.354
-9993.078
-9592.801
-9192.524
-8792.247
-8391.97
-7991.693
-7591.416
-7191.139
-6790.862
-6390.585
-5990.308
-5590.032
-5189.755
-4789.478
-4389.201
-3988.924
-3588.647
-3188.37
-2788.093
-2387.816
-1987.54
-1587.263
-1186.986
-786.709
-386.432
13.845
414.122
814.399
1214.676
1614.953
2015.23
2415.506
2815.783
3216.06
3616.337
4016.614
4416.891
4817.168
5217.445
5617.722
6017.998
6418.275
6818.552
7218.829
7619.106
8019.383
8419.66
8819.937
9220.214
9620.491
10020.768
10421.044
10821.321
11221.598
11621.875
12022.152
12422.429
12822.706
13222.983
13623.26
14023.536
14423.813
14824.09
15224.367
15624.644
16024.921
16425.198
16825.475
17225.752
17626.029
18026.306
18426.582
18826.859
19227.136
19627.413
20027.69
20427.967
20828.244
21228.521
21628.798
22029.074
22429.351
22829.628
23229.905
23630.182
24030.459
24430.736
24831.013
25231.29
25631.567
26031.844
26432.12
26832.397
27232.674
27632.951
28033.228
28433.505
28833.782
29234.059
29634.336
30034.612
30434.889
30835.166
31235.443
31635.72
32035.997
32436.274
32836.551
33236.828
33637.105
34037.382
34437.658
34837.935
35238.212
35638.489
36038.766
36439.043
36839.32
37239.597
37639.874
38040.15
38440.427
38840.704
39240.981
39641.258
40041.535
